197
3344 2304 213486
233 174 29393
445 320 699567
6506 2368 719169
1115 1105 261870
1193 179 446082
2956 1144 823745
1122 541 335110
9764 1392 363451
7848 2325 141427
4019 3934 510510
167 2 791430
6576 4361 666930
4937 3919 401534
4766 340 539090
3621 32 175398
8934 7074 634809
8652 6891 434010
685 102 225330
3343 2063 287742
1794 534 985435
1649 1238 606390
9737 98 458490
1171 325 812630
4656 2931 747881
216 160 695130
495 216 689333
8156 6408 116358
4114 2866 300846
9126 2217 667667
8124 3125 756245
249 177 652310
7376 1049 761917
2455 70 716703
8392 148 356730
5018 3118 689333
3572 3450 541310
979 697 410263
2272 1951 563673
9148 4707 916453
663 34 637602
2683 2209 386570
764 419 858585
677 574 195734
18 15 146370
6579 1000 940470
4115 3725 768094
4051 1279 474266
9651 4395 355810
2654 411 655707
2979 344 736934
1474 192 222053
3845 266 250705
4750 4575 868686
755 714 793730
3218 2692 60630
2642 31 524755
7832 7233 799986
873 351 611351
307 4 424270
6090 3 608465
8348 183 976430
8600 3395 637602
907 59 810985
3184 408 700817
5540 4714 91086
4774 2532 997890
472 76 997557
578 58 519961
1488 406 608465
4025 1802 585858
84 68 561782
8575 478 989043
2700 1054 365893
7653 4482 834955
9766 2748 502645
435 410 982905
5350 130 515355
123 59 119567
3429 3386 892551
5984 5246 38019
1312 1044 998374
8789 162 824619
2296 1742 504735
1960 435 421590
6155 6041 735042
7478 2336 261870
8360 2512 513893
442 116 399970
4363 681 455430
5813 5431 333982
9820 5966 929101
571 160 856254
8960 6779 321563
1288 292 126759
4664 2257 685906
4984 4674 48633
170 169 643195
921 221 643839
3879 161 655603
3239 1450 810985
3573 2069 996710
6426 4642 428127
249 212 762755
4292 3697 717402
1364 214 98371
798 657 242535
1227 29 937365
2859 2710 629391
4086 1488 501410
4087 1142 547230
7816 7663 817190
5471 1286 62930
8509 1180 104006
3998 416 744198
420 298 495726
5470 115 149730
200 7 490314
7944 4520 561697
7576 66 630591
8557 1749 635910
4355 3275 21390
444 176 416670
1882 795 641886
5033 578 838695
1081 1037 826210
3169 3111 887110
816 669 109839
6415 3872 34658
8224 7969 457653
8043 2566 641173
1303 698 135751
5429 2462 612535
4977 762 351654
337 91 510510
2397 193 48246
1691 1368 205530
3817 2689 771834
8757 6638 551174
8380 4634 667667
5601 1808 736934
485 94 286810
4179 2146 674245
379 132 102254
7779 5922 699567
2334 538 243294
1832 926 152490
8947 682 49062
3319 3265 987567
6600 5417 375906
2308 116 543837
8389 7651 689333
843 780 211265
3942 77 606390
7775 520 345506
570 48 739815
559 365 233662
4872 4867 487578
1587 1183 393414
7130 7030 708890
8763 2831 899899
2532 2218 241230
4313 879 385671
4596 4095 695267
3880 1947 848003
6530 265 655707
4281 2245 416670
5590 208 580754
7382 6150 429226
1424 1274 556206
6567 1309 700321
3119 225 791430
5284 762 618222
3850 2388 177378
5261 3278 616170
4318 4166 537510
8131 2054 43214
9269 2187 163590
445 93 579462
252 124 714
6769 4165 997557
2111 1256 695130
7941 7507 367822
9441 192 727090
320 306 624910
1811 243 434010
7650 1980 962598
7541 6910 62909
1575 1286 700321
5319 413 274170
1118 837 260130
8068 388 678210
1294 804 6510
3545 1244 727818
8985 1169 563673
4792 2562 112189
4026 1093 528333